STENCIL SYNERGY (Autotune) RESULTS
----------------------------------------------------------------------------------------------------------------
Mode                   N        Step  Iters   Ksel   ThrSel   Total(ms)    Cold(ms)     Warm(ms)     Read(ms)     UMback(ms)
----------------------------------------------------------------------------------------------------------------
um_migrate             2048     1     5       921    1        5.324        5.324        --           3.539        0.261     
gh_hbm_shared          2048     1     5       921    4        5.916        5.916        --           3.812        --        
gh_cpu_shared          2048     1     5       512    8        0.268        0.268        --           2.601        --        
gh_hmm_pageable        2048     1     5       102    8        0.138        0.138        --           3.493        --        
gh_hmm_pageable_gpu_init 2048     1     5       102    4        0.144        0.144        --           3.505        --        
um_migrate_no_prefetch 2048     1     5       921    16       5.607        5.607        --           3.619        --        
gh_hbm_shared_no_prefetch 2048     1     5       921    32       5.823        5.823        --           3.526        --        
----------------------------------------------------------------------------------------------------------------
um_migrate             2048     2     5       921    8        11.576       6.104        5.472        2.637        0.265     
gh_hbm_shared          2048     2     5       819    16       13.857       6.793        7.064        3.663        --        
gh_cpu_shared          2048     2     5       512    8        .534         0.271        0.263        2.596        --        
gh_hmm_pageable        2048     2     5       102    4        .270         0.136        0.134        3.673        --        
gh_hmm_pageable_gpu_init 2048     2     5       102    4        .284         0.139        0.145        3.653        --        
um_migrate_no_prefetch 2048     2     5       921    32       11.002       5.475        5.527        3.597        --        
gh_hbm_shared_no_prefetch 2048     2     5       921    1        11.525       5.626        5.899        3.685        --        
----------------------------------------------------------------------------------------------------------------
um_migrate             4096     1     5       1843   1        20.763       20.763       --           14.187       0.752     
gh_hbm_shared          4096     1     5       1843   16       21.135       21.135       --           14.179       --        
gh_cpu_shared          4096     1     5       1638   16       0.829        0.829        --           10.305       --        
gh_hmm_pageable        4096     1     5       204    8        2.200        2.200        --           15.395       --        
gh_hmm_pageable_gpu_init 4096     1     5       204    8        3.069        3.069        --           15.250       --        
um_migrate_no_prefetch 4096     1     5       1843   1        19.613       19.613       --           13.726       --        
gh_hbm_shared_no_prefetch 4096     1     5       1843   4        20.747       20.747       --           14.177       --        
----------------------------------------------------------------------------------------------------------------
um_migrate             4096     2     5       1843   4        41.446       20.577       20.869       10.297       0.728     
gh_hbm_shared          4096     2     5       1843   4        41.635       20.316       21.319       14.180       --        
gh_cpu_shared          4096     2     5       1638   32       1.637        0.821        0.816        10.329       --        
gh_hmm_pageable        4096     2     5       204    8        3.834        0.458        3.376        15.723       --        
gh_hmm_pageable_gpu_init 4096     2     5       204    8        3.449        0.443        3.006        15.613       --        
um_migrate_no_prefetch 4096     2     5       1843   8        41.827       20.262       21.565       14.093       --        
gh_hbm_shared_no_prefetch 4096     2     5       1843   32       41.908       21.275       20.633       14.120       --        
----------------------------------------------------------------------------------------------------------------
um_migrate             8192     1     5       3686   1        76.958       76.958       --           56.707       2.648     
gh_hbm_shared          8192     1     5       3686   8        78.359       78.359       --           56.553       --        
gh_cpu_shared          8192     1     5       2457   8        3.423        3.423        --           40.351       --        
gh_hmm_pageable        8192     1     5       409    32       10.487       10.487       --           62.133       --        
gh_hmm_pageable_gpu_init 8192     1     5       819    16       47.393       47.393       --           61.650       --        
um_migrate_no_prefetch 8192     1     5       3686   4        77.596       77.596       --           56.512       --        
gh_hbm_shared_no_prefetch 8192     1     5       3686   32       76.415       76.415       --           54.922       --        
----------------------------------------------------------------------------------------------------------------
um_migrate             8192     2     5       3686   32       158.289      79.932       78.357       41.173       2.635     
gh_hbm_shared          8192     2     5       3686   1        158.413      79.479       78.934       56.862       --        
gh_cpu_shared          8192     2     5       2457   8        6.856        3.433        3.423        40.305       --        
gh_hmm_pageable        8192     2     5       409    16       9.989        1.122        8.867        82.292       --        
gh_hmm_pageable_gpu_init 8192     2     5       819    32       16.615       6.500        10.115       61.968       --        
um_migrate_no_prefetch 8192     2     5       3686   32       157.361      79.050       78.311       56.662       --        
gh_hbm_shared_no_prefetch 8192     2     5       3686   16       157.147      79.330       77.817       56.615       --        
----------------------------------------------------------------------------------------------------------------


